1
97.000 24250
0
# z = 0
293.150000 293.150000 293.150000 293.150000 293.150000 293.150000 293.150000 293.150000 293.150000 293.150000 293.150000 293.150000 293.150000 293.150000 293.150000 293.150000 293.150000 293.150000 293.150000 293.150000 293.150000 293.150000 293.150000 293.150000 293.150000 293.150000 293.150000 293.150000 293.150000 293.150000 293.150000 293.150000 293.150000 293.150000 293.150000 293.150000 293.150000 293.150000 
293.150000 293.150000 293.150000 293.150000 293.150000 293.150000 293.150000 293.150000 293.150000 293.150000 293.150000 293.150000 293.150000 293.150000 293.150000 293.150000 293.150000 293.150000 293.150000 293.150000 293.150000 293.150000 293.150000 293.150000 293.150000 293.150000 293.150000 293.150000 293.150000 293.150000 293.150000 293.150000 293.150000 293.150000 293.150000 293.150000 293.150000 293.150000 
# z = 0.004
293.374419 293.409421 293.442229 293.478319 293.519771 293.567373 293.621292 293.681299 293.746831 293.817000 293.890586 293.966040 294.041501 294.114855 294.183818 294.246056 294.299321 294.341599 294.371253 294.387155 294.388768 294.376183 294.350097 294.311765 294.262912 294.205630 294.142248 294.075185 294.006792 293.939221 293.874323 293.813588 293.758115 293.708583 293.665184 293.627401 293.593346 293.557666 
293.374419 293.409421 293.442229 293.478319 293.519771 293.567373 293.621292 293.681299 293.746831 293.817000 293.890586 293.966040 294.041501 294.114854 294.183817 294.246056 294.299321 294.341598 294.371252 294.387154 294.388768 294.376182 294.350097 294.311765 294.262911 294.205629 294.142248 294.075185 294.006792 293.939221 293.874323 293.813588 293.758115 293.708583 293.665184 293.627401 293.593346 293.557666 
# z = 0.008
293.670753 293.724734 293.784883 293.854994 293.937120 294.032169 294.140253 294.260846 294.392815 294.534390 294.683134 294.835921 294.988979 295.137989 295.278268 295.405010 295.513570 295.599771 295.660216 295.692562 295.695699 295.669826 295.616395 295.537995 295.438183 295.321274 295.192076 295.055580 294.916625 294.779614 294.648309 294.525724 294.414084 294.314818 294.228525 294.154834 294.092068 294.036672 
293.670753 293.724734 293.784883 293.854994 293.937120 294.032169 294.140253 294.260846 294.392815 294.534390 294.683134 294.835921 294.988978 295.137988 295.278266 295.405008 295.513568 295.599769 295.660214 295.692559 295.695697 295.669824 295.616393 295.537993 295.438181 295.321272 295.192075 295.055580 294.916625 294.779614 294.648309 294.525724 294.414084 294.314818 294.228525 294.154834 294.092068 294.036672 
# z = 0.012
294.020641 294.088121 294.171835 294.273929 294.395847 294.538254 294.701057 294.883405 295.083613 295.299073 295.526138 295.760075 295.995089 296.224477 296.440916 296.636843 296.804904 296.938449 297.032047 297.081952 297.086420 297.045798 296.962419 296.840375 296.685262 296.503884 296.303847 296.093042 295.879085 295.668833 295.468074 295.281381 295.112115 294.962489 294.833649 294.725710 294.637770 294.568021 
294.020641 294.088121 294.171835 294.273929 294.395847 294.538254 294.701057 294.883404 295.083613 295.299072 295.526137 295.760073 295.995086 296.224473 296.440912 296.636838 296.804897 296.938441 297.032039 297.081944 297.086411 297.045790 296.962411 296.840367 296.685255 296.503878 296.303843 296.093040 295.879083 295.668833 295.468074 295.281381 295.112115 294.962489 294.833649 294.725710 294.637770 294.568021 
# z = 0.016
294.411226 294.490070 294.595225 294.727884 294.888965 295.078860 295.297280 295.543112 295.814227 296.107272 296.417456 296.738401 297.062137 297.379292 297.679515 297.952034 298.186292 298.372650 298.503173 298.572397 298.577847 298.520136 298.402695 298.231374 298.014116 297.760615 297.481792 297.189005 296.893128 296.603794 296.328952 296.074741 295.845589 295.644419 295.472881 295.331568 295.220236 295.138107 
294.411226 294.490070 294.595225 294.727884 294.888965 295.078860 295.297280 295.543111 295.814226 296.107270 296.417452 296.738395 297.062127 297.379278 297.679497 297.952013 298.186267 298.372621 298.503142 298.572365 298.577816 298.520105 298.402664 298.231345 298.014090 297.760594 297.481777 297.188996 296.893123 296.603792 296.328951 296.074740 295.845588 295.644419 295.472881 295.331568 295.220236 295.138107 
# z = 0.02
294.831806 294.921064 295.046493 295.208837 295.408734 295.646454 295.921666 296.233176 296.578625 296.954128 297.353893 297.769909 298.191829 298.607194 299.002054 299.361805 299.671964 299.919125 300.092076 300.183115 300.188937 300.110687 299.953302 299.724719 299.435560 299.098941 298.729894 298.344164 297.956652 297.580208 297.225068 296.898841 296.606818 296.352401 296.137526 295.963044 295.829068 295.735308 
294.831806 294.921064 295.046493 295.208837 295.408734 295.646454 295.921665 296.233175 296.578623 296.954122 297.353881 297.769887 298.191792 298.607141 299.001988 299.361725 299.671871 299.919017 300.091958 300.182994 300.188819 300.110574 299.953189 299.724608 299.435458 299.098859 298.729839 298.344132 297.956635 297.580200 297.225064 296.898839 296.606818 296.352401 296.137526 295.963044 295.829068 295.735308 
# z = 0.024
295.272636 295.371805 295.516798 295.708233 295.946729 296.232673 296.565943 296.945576 297.369341 297.833197 298.330668 298.852227 299.384921 299.912575 300.416799 300.878373 301.277942 301.597199 301.820340 301.936529 301.941574 301.837825 301.632517 301.335987 300.961721 300.526841 300.051701 299.557999 299.065882 298.591982 298.148834 297.745211 297.386838 297.077169 296.818045 296.610238 296.453870 296.348768 
295.272636 295.371805 295.516798 295.708233 295.946729 296.232673 296.565942 296.945573 297.369334 297.833180 298.330630 298.852149 299.384784 299.912374 300.416550 300.878076 301.277597 301.596793 301.819889 301.936067 301.941133 301.837407 301.632094 301.335562 300.961330 300.526529 300.051497 299.557887 299.065828 298.591959 298.148825 297.745207 297.386837 297.077169 296.818045 296.610238 296.453870 296.348768 
# z = 0.028
295.724484 295.833200 295.997182 296.217138 296.493913 296.828280 297.220662 297.670755 298.176995 298.735818 299.340680 299.980915 300.640763 301.299307 301.932301 302.515228 303.022672 303.429980 303.714256 303.859827 303.861727 303.725195 303.461578 303.083534 302.606907 302.053215 301.450046 300.828000 300.214453 299.630404 299.090343 298.603480 298.175208 297.808360 297.504147 297.262832 297.084204 296.967919 
295.724484 295.833200 295.997182 296.217138 296.493913 296.828279 297.220660 297.670748 298.176976 298.735767 299.340556 299.980646 300.640258 301.298539 301.931369 302.514121 303.021396 303.428446 303.712533 303.858073 303.860079 303.723662 303.459996 303.081911 302.605395 302.052019 301.449301 300.827617 300.214282 299.630335 299.090317 298.603471 298.175205 297.808359 297.504147 297.262832 297.084204 296.967919 
# z = 0.032
296.178478 296.296364 296.478674 296.726367 297.040722 297.423179 297.875087 298.397332 298.989762 299.650279 300.373434 301.148432 301.956763 302.770889 303.557509 304.287544 304.927825 305.446453 305.807802 305.987795 305.981208 305.800394 305.465788 304.990324 304.389577 303.689015 302.926603 302.148307 301.391951 300.683001 300.036630 299.460985 298.959859 298.534519 298.184871 297.910195 297.709603 297.582346 
296.178478 296.296364 296.478674 296.726366 297.040722 297.423178 297.875082 298.397315 298.989711 299.650134 300.373051 301.147521 301.954911 302.767917 303.554043 304.283405 304.923156 305.440653 305.801204 305.981104 305.975050 305.794845 305.459876 304.984104 304.383715 303.684409 302.923917 302.147038 301.391431 300.682808 300.036563 299.460963 298.959852 298.534517 298.184871 297.910194 297.709603 297.582346 
# z = 0.036
296.626115 296.752687 296.952420 297.226634 297.577218 298.006524 298.517197 299.111900 299.792816 300.560748 301.413432 302.342440 303.327957 304.332312 305.302351 306.213537 307.019262 307.686116 308.149515 308.369298 308.341340 308.095147 307.676893 307.088611 306.337752 305.450905 304.481155 303.507153 302.581568 301.732025 300.970895 300.302472 299.727074 299.243215 298.848759 298.541531 298.319672 298.181840 
296.626115 296.752687 296.952420 297.226634 297.577217 298.006520 298.517185 299.111861 299.792691 300.560362 301.412311 302.339479 303.321235 304.320567 305.289595 306.197945 307.002464 307.664117 308.124136 308.343661 308.318275 308.075456 307.654767 307.064683 306.314916 305.433013 304.471659 303.503131 302.580080 301.731520 300.970733 300.302423 299.727059 299.243211 298.848757 298.541530 298.319672 298.181840 
# z = 0.04
297.059364 297.193971 297.409861 297.708784 298.093342 298.566969 299.133894 299.799060 300.567932 301.446016 302.437626 303.542558 304.746966 306.000006 307.179285 308.321319 309.327334 310.212385 310.821509 311.085528 311.004114 310.642927 310.141310 309.434399 308.505537 307.374132 306.109725 304.881610 303.756382 302.752659 301.871923 301.110112 300.461735 299.921354 299.484150 299.146145 298.904302 298.756567 
297.059364 297.193971 297.409861 297.708783 298.093340 298.566963 299.133872 299.798982 300.567660 301.445092 302.434631 303.533547 304.723188 305.951981 307.133547 308.261457 309.268799 310.128362 310.723462 310.986835 310.917203 310.575517 310.058079 309.342009 308.416195 307.303711 306.077352 304.869726 303.752498 302.751473 301.871576 301.110013 300.461707 299.921346 299.484148 299.146145 298.904302 298.756567 
# z = 0.044
297.470824 297.612615 297.842971 298.164083 298.579288 299.093142 299.711546 300.441951 301.293678 302.278494 303.411578 304.712602 306.201847 307.850567 309.200610 310.686713 311.876923 313.160874 313.999100 314.308409 314.096073 313.460948 312.956512 312.156591 311.027008 309.562266 307.795510 306.225856 304.874056 303.711697 302.714336 301.864173 301.148004 300.555753 300.079655 299.713818 299.453976 299.297341 
297.470824 297.612615 297.842971 298.164083 298.579286 299.093132 299.711511 300.441816 301.293171 302.276603 303.404663 304.688270 306.122932 307.643662 309.046814 310.447391 311.686379 312.835292 313.618886 313.926814 313.763749 313.246300 312.639027 311.798721 310.676580 309.279327 307.693061 306.194829 304.865310 303.709315 302.713698 301.864003 301.147960 300.555741 300.079652 299.713818 299.453976 299.297341 
# z = 0.048
297.853924 298.001841 298.244533 298.584589 299.026001 299.574326 300.236958 301.023578 301.947001 303.025026 304.285250 305.779866 307.637691 310.268697 311.302042 313.650118 314.586451 316.944171 318.149572 318.498364 318.006925 316.426526 316.448138 315.629545 314.296975 312.397845 309.448642 307.444836 305.872219 304.568983 303.470778 302.544763 301.770562 301.134009 300.624769 300.235265 299.960140 299.795951 
297.853924 298.001841 298.244533 298.584588 299.025997 299.574313 300.236910 301.023390 301.946255 303.022025 304.272979 305.728705 307.419198 309.307943 310.871189 312.618315 314.066572 315.645371 316.673399 317.019919 316.696038 315.855796 315.198888 314.242526 312.924459 311.223430 309.180258 307.381739 305.857036 304.565259 303.469851 302.544529 301.770502 301.133994 300.624765 300.235264 299.960140 299.795951 
# z = 0.052
298.203120 298.355920 298.608427 298.963529 299.425713 300.001276 300.698672 301.529049 302.507185 303.653373 304.998166 306.596864 308.581149 311.364133 312.582939 315.175964 316.458761 319.297489 320.751730 321.125907 320.436533 318.425656 318.148135 317.122408 315.624935 313.576832 310.487602 308.358004 306.678028 305.286441 304.117135 303.134697 302.316240 301.645505 301.110547 300.702624 300.415584 300.245493 
298.203120 298.355920 298.608426 298.963528 299.425709 300.001263 300.698621 301.528851 302.506406 303.650273 304.985615 306.544978 308.360962 310.399748 312.144051 314.120030 315.860483 317.772018 318.998147 319.369982 318.898713 317.775896 316.873434 315.725222 314.246612 312.398606 310.217187 308.294001 306.662492 305.282592 304.116167 303.134450 302.316177 301.645489 301.110542 300.702623 300.415584 300.245492 
# z = 0.056
298.514079 298.670378 298.929879 299.295642 299.772429 300.366945 301.088187 301.947922 302.961325 304.147767 305.531651 307.142535 309.009029 311.107389 312.992577 315.187237 317.438613 320.680034 322.306806 322.692198 321.844741 319.406971 317.990319 316.603485 315.001129 313.094456 310.900849 308.948455 307.273418 305.847512 304.639316 303.622347 302.775486 302.082284 301.530188 301.109883 300.814783 300.640675 
298.514079 298.670378 298.929879 299.295641 299.772426 300.366933 301.088141 301.947751 302.960698 304.145495 305.523603 307.115101 308.922608 310.885098 312.810300 314.865850 316.950057 319.124182 320.489549 320.873278 320.281031 318.891475 317.584359 316.206131 314.624415 312.793014 310.788894 308.913470 307.263228 305.844647 304.638527 303.622132 302.775428 302.082268 301.530184 301.109882 300.814783 300.640675 
1
# z = 0
298.783816 298.942151 299.205657 299.577420 300.062240 300.666888 301.400440 302.274720 303.304759 304.509023 305.908604 307.522904 309.354863 311.350105 313.339559 315.528351 317.982805 321.352698 323.040138 323.429880 322.526596 319.949083 318.274650 316.763041 315.123495 313.265049 311.248809 309.359954 307.692814 306.256290 305.033277 304.002041 303.142833 302.439483 301.879404 301.453183 301.154153 300.978047 
298.783816 298.942150 299.205657 299.577419 300.062237 300.666876 301.400396 302.274565 303.304215 304.507170 305.902570 307.504648 309.306226 311.249378 313.228408 315.326709 317.526843 319.795577 321.212062 321.600476 320.963621 319.475386 318.026323 316.558660 314.940222 313.123205 311.183889 309.336181 307.685062 306.253928 305.032588 304.001845 303.142779 302.439468 301.879400 301.453182 301.154153 300.978047 
# z = 0.004
299.010773 299.169669 299.434173 299.807236 300.293458 300.899334 301.633607 302.507757 303.536638 304.739280 306.139728 307.767178 309.649878 311.763732 313.663325 315.871046 318.133839 321.384885 323.019195 323.409946 322.565615 320.128723 318.710902 317.320899 315.713541 313.800258 311.598705 309.637378 307.952745 306.516916 305.298809 304.272275 303.416513 302.715370 302.156552 301.730963 301.432187 301.256128 
299.010773 299.169669 299.434173 299.807235 300.293454 300.899321 301.633561 302.507586 303.536011 304.737008 306.131680 307.739742 309.563450 311.541420 313.481033 315.549634 317.645255 319.828954 321.201846 321.590932 321.001823 319.613196 318.304907 316.923506 315.336790 313.498786 311.486739 309.602390 307.942555 306.514051 305.298019 304.272060 303.416455 302.715354 302.156548 301.730962 301.432187 301.256128 
# z = 0.008
299.194821 299.352871 299.615496 299.985363 300.466629 301.065167 301.788919 302.648451 303.657890 304.836842 306.215133 307.847331 309.864393 312.678758 313.926632 316.546096 317.851878 320.710004 322.179427 322.564377 321.881257 319.872095 319.592196 318.559964 317.052257 314.990654 311.885156 309.737356 308.037849 306.626072 305.436605 304.434714 303.598159 302.911279 302.362656 301.943993 301.649484 301.475430 
299.194821 299.352871 299.615496 299.985362 300.466625 301.065154 301.788869 302.648253 303.657112 304.833741 306.202581 307.795439 309.644183 311.714273 313.487697 315.490050 317.253540 319.184382 320.425670 320.808276 320.343280 319.222267 318.317350 317.162618 315.673778 313.812296 311.614710 309.673346 308.022311 306.622223 305.435637 304.434467 303.598096 302.911263 302.362652 301.943992 301.649483 301.475430 
# z = 0.012
299.337198 299.493133 299.751286 300.113904 300.584476 301.167909 301.870816 302.701984 303.673241 304.801325 306.112729 307.658518 309.566396 312.245299 313.323028 315.711425 316.682799 319.070005 320.298450 320.663541 320.181486 318.603528 318.621240 317.792421 316.443925 314.523880 311.549549 309.517635 307.914869 306.580479 305.451177 304.495167 303.693067 303.031632 302.501336 302.095287 301.808659 301.638375 
299.337198 299.493133 299.751286 300.113903 300.584473 301.167897 301.870768 302.701797 303.672495 304.798324 306.100457 307.607350 309.347876 311.284417 312.892119 314.679479 316.162852 317.771024 318.822070 319.184886 318.870412 318.032720 317.371806 316.405199 315.071209 313.349295 311.281128 309.454530 307.899684 306.576755 305.450250 304.494933 303.693008 303.031617 302.501332 302.095286 301.808659 301.638375 
# z = 0.016
299.440371 299.593124 299.844630 300.196612 300.651715 301.213602 301.887108 302.678456 303.595621 304.648916 305.852006 307.223011 308.780666 310.494712 311.905510 313.446546 314.684658 316.008580 316.878041 317.209345 317.009533 316.377499 315.867094 315.052628 313.900706 312.406828 310.605318 308.996670 307.603048 306.397497 305.357047 304.465339 303.710546 303.083854 302.578619 302.189894 301.914147 301.749097 
299.440371 299.593124 299.844630 300.196612 300.651712 301.213593 301.887072 302.678322 303.595113 304.647025 305.845091 307.198676 308.701741 310.287780 311.751694 313.207191 314.494088 315.682954 316.497774 316.827697 316.677162 316.162821 315.549563 314.694706 313.550228 312.123849 310.502854 308.965638 307.594301 306.395115 305.356409 304.465170 303.710502 303.083842 302.578616 302.189893 301.914147 301.749097 
# z = 0.02
299.507833 299.656586 299.899796 300.238597 300.674694 301.210365 301.848458 302.592335 303.445718 304.412242 305.494258 306.689553 307.982270 309.319598 310.577265 311.790088 312.857775 313.794128 314.443200 314.735155 314.669359 314.311523 313.801400 313.074841 312.116221 310.946260 309.636049 308.356620 307.176420 306.115978 305.178702 304.362412 303.663406 303.077894 302.602520 302.234539 301.971878 301.813149 
299.507833 299.656586 299.899795 300.238596 300.674692 301.210359 301.848436 302.592257 303.445446 304.411318 305.491262 306.680541 307.958489 309.271566 310.531522 311.730219 312.799232 313.710094 314.345139 314.636448 314.582436 314.244104 313.718157 312.982437 312.026866 310.875829 309.603671 308.344734 307.172535 306.114792 305.178355 304.362313 303.663378 303.077886 302.602518 302.234538 301.971878 301.813149 
# z = 0.024
299.543850 299.688070 299.921914 300.245926 300.660861 301.167624 301.767133 302.460082 303.246482 304.124804 305.090333 306.132130 307.227854 308.337366 309.405160 310.404536 311.286977 312.017473 312.530205 312.784183 312.774891 312.531898 312.101884 311.487812 310.698452 309.762065 308.733697 307.694189 306.698549 305.776818 304.943797 304.206153 303.566456 303.025301 302.582395 302.237127 301.988868 301.837121 
299.543850 299.688070 299.921914 300.245925 300.660860 301.167620 301.767121 302.460043 303.246357 304.124418 305.089213 306.129169 307.221131 308.325619 309.392402 310.388942 311.270176 311.995471 312.504823 312.758543 312.751823 312.512204 312.079755 311.463881 310.675612 309.744170 308.724200 307.690166 306.697060 305.776313 304.943636 304.206103 303.566441 303.025296 302.582394 302.237127 301.988867 301.837121 
# z = 0.028
299.553187 299.692624 299.916629 300.225184 300.618171 301.095249 301.655658 302.297886 303.019140 303.814480 304.675471 305.588241 306.531186 307.473726 308.379661 309.217231 309.950896 310.546768 310.967682 311.188530 311.203604 311.025331 310.674781 310.166054 309.516380 308.753312 307.917260 307.056904 306.212968 305.413910 304.677902 304.016016 303.434825 302.938158 302.528205 302.206186 301.972752 301.828221 
299.553187 299.692624 299.916629 300.225184 300.618170 301.095248 301.655652 302.297869 303.019089 303.814335 304.675088 305.587330 306.529334 307.470754 308.376194 309.213092 309.946227 310.540967 310.961082 311.181839 311.197445 311.019781 310.668868 310.159833 309.510517 308.748706 307.914574 307.055636 306.212448 305.413717 304.677835 304.015994 303.434818 302.938156 302.528205 302.206186 301.972752 301.828221 
# z = 0.032
299.540821 299.675497 299.889742 300.183046 300.554536 301.002826 301.525804 302.120296 302.781580 303.502690 304.273496 305.079628 305.901578 306.714738 307.491325 308.203542 308.823059 309.322777 309.677901 309.871489 309.897976 309.762694 309.477778 309.057332 308.519250 307.887624 307.193052 306.469469 305.747798 305.052692 304.402294 303.809366 303.282675 302.828166 302.449832 302.150320 301.931326 301.793852 
299.540821 299.675497 299.889741 300.183046 300.554535 301.002825 301.525802 302.120289 302.781561 303.502639 304.273373 305.079359 305.901073 306.713970 307.490393 308.202434 308.821783 309.321242 309.676178 309.869735 309.896328 309.761161 309.476196 309.055709 308.517737 307.886428 307.192307 306.469086 305.747627 305.052623 304.402268 303.809357 303.282672 302.828165 302.449832 302.150320 301.931326 301.793852 
# z = 0.036
299.511671 299.641849 299.846902 300.125914 300.477395 300.899136 301.388005 301.939655 302.548131 303.205375 303.900657 304.620032 305.346060 306.058120 306.733539 307.349112 307.881929 308.310688 308.617259 308.789242 308.821712 308.717137 308.483725 308.133592 307.682747 307.151474 306.563806 305.945508 305.321037 304.711447 304.133674 303.600759 303.122473 302.705999 302.356532 302.077747 301.872131 301.741219 
299.511671 299.641849 299.846902 300.125914 300.477395 300.899135 301.388004 301.939652 302.548124 303.205358 303.900619 304.619954 305.345923 306.057919 306.733289 307.348815 307.881584 308.310282 308.616807 308.788781 308.821271 308.716719 308.483302 308.133167 307.682356 307.151162 306.563602 305.945396 305.320984 304.711424 304.133665 303.600756 303.122472 302.705998 302.356532 302.077747 301.872131 301.741219 
# z = 0.04
299.470362 299.596507 299.793343 300.059632 300.393410 300.791852 301.251098 301.766017 302.329917 302.934221 303.568140 304.218440 304.869432 305.503331 306.101028 306.643091 307.110713 307.486828 307.757379 307.912747 307.948722 307.866601 307.672515 307.376592 306.992548 306.537366 306.030568 305.492835 304.944281 304.403072 303.884709 303.401885 302.964685 302.580935 302.256566 301.995941 301.802110 301.676999 
299.470362 299.596507 299.793343 300.059632 300.393410 300.791852 301.251098 301.766016 302.329915 302.934216 303.568128 304.218418 304.869395 305.503278 306.100961 306.643011 307.110620 307.486721 307.757261 307.912625 307.948604 307.866487 307.672402 307.376481 306.992446 306.537284 306.030512 305.492803 304.944264 304.403064 303.884706 303.401884 302.964685 302.580935 302.256566 301.995941 301.802110 301.676999 
# z = 0.044
299.421026 299.543762 299.733673 299.989282 300.308275 300.687390 301.122273 301.607296 302.135359 302.697684 303.283658 303.880767 304.474708 305.049752 305.589342 306.076868 306.496511 306.834164 307.078404 307.221415 307.259609 307.193785 307.028848 306.773339 306.438995 306.040241 305.593465 305.116012 304.625042 304.136555 303.664764 303.221810 302.817750 302.460686 302.156963 301.911376 301.727349 301.607079 
299.421026 299.543762 299.733673 299.989282 300.308275 300.687390 301.122273 301.607296 302.135358 302.697682 303.283655 303.880760 304.474698 305.049738 305.589324 306.076846 306.496486 306.834135 307.078373 307.221382 307.259578 307.193755 307.028818 306.773310 306.438968 306.040219 305.593450 305.116003 304.625037 304.136553 303.664763 303.221810 302.817750 302.460686 302.156963 301.911376 301.727349 301.607079 
# z = 0.048
299.367137 299.487212 299.671728 299.919043 300.226602 300.590852 301.007122 301.469487 301.970637 302.501757 303.052468 303.610857 304.163651 304.696564 305.194813 305.643766 306.029660 306.340377 306.566199 306.700482 306.740113 306.685666 306.541290 306.314392 306.015229 305.656399 305.252173 304.817704 304.368178 303.918067 303.480573 303.067311 302.688178 302.351356 302.063400 301.829358 301.652887 301.536358 
299.367137 299.487212 299.671728 299.919043 300.226602 300.590852 301.007122 301.469487 301.970636 302.501757 303.052467 303.610855 304.163648 304.696560 305.194809 305.643760 306.029653 306.340369 306.566191 306.700474 306.740104 306.685658 306.541282 306.314384 306.015222 305.656393 305.252169 304.817701 304.368177 303.918066 303.480573 303.067311 302.688178 302.351356 302.063400 301.829358 301.652887 301.536358 
# z = 0.052
299.311399 299.429645 299.610464 299.852106 300.151873 300.506033 300.909729 301.356877 301.840069 302.350515 302.878032 303.411132 303.937221 304.442939 304.914626 305.338895 305.703272 305.996861 306.210977 306.339690 306.380194 306.332966 306.201707 305.993099 305.716443 305.383164 305.006224 304.599432 304.176757 303.751693 303.336762 302.943184 302.580689 302.257461 301.980146 301.753927 301.582590 301.468610 
299.311399 299.429645 299.610464 299.852106 300.151873 300.506033 300.909729 301.356877 301.840069 302.350515 302.878032 303.411131 303.937220 304.442938 304.914625 305.338893 305.703271 305.996859 306.210975 306.339687 306.380191 306.332964 306.201704 305.993097 305.716441 305.383163 305.006223 304.599432 304.176757 303.751693 303.336762 302.943183 302.580689 302.257461 301.980146 301.753927 301.582590 301.468610 
# z = 0.056
299.255660 299.372962 299.551882 299.790622 300.086411 300.435437 300.832759 301.272221 301.746385 302.246482 302.762442 303.282997 303.795891 304.288219 304.746865 305.159047 305.512910 305.798141 306.006546 306.132532 306.173447 306.129730 306.004870 305.805199 305.539546 305.218772 304.855202 304.462009 304.052576 303.639918 303.236218 302.852483 302.498347 302.181974 301.910045 301.687795 301.519072 301.406394 
299.255660 299.372962 299.551882 299.790622 300.086411 300.435437 300.832759 301.272221 301.746385 302.246482 302.762442 303.282997 303.795891 304.288219 304.746865 305.159046 305.512910 305.798141 306.006545 306.132531 306.173446 306.129729 306.004869 305.805198 305.539546 305.218771 304.855202 304.462009 304.052576 303.639918 303.236218 302.852483 302.498347 302.181974 301.910045 301.687795 301.519072 301.406394 
